,City,Latitude,Longitude,Max Temp,Humidity,Cloudiness,Wind Speed,Country,Date
0,Nikolskoye,59.7035,30.7861,28.0,100,90,4.47,RU,1612028757
1,Vaini,-21.2,-175.2,79.88,78,100,14.65,TO,1612028563
2,Nizwá,22.9333,57.5333,61.92,41,0,1.61,OM,1612028758
3,Bathsheba,13.2167,-59.5167,84.2,61,40,14.97,BB,1612028758
4,Upernavik,72.7868,-56.1549,-9.69,86,2,8.21,GL,1612028758
5,Atuona,-9.8,-139.0333,78.42,77,40,16.98,PF,1612028758
6,Ushuaia,-54.8,-68.3,51.8,62,20,26.46,AR,1612028617
7,Flinders,-34.5833,150.8552,72.0,87,57,4.0,AU,1612028759
8,Ouadda,8.0777,22.4007,79.36,22,0,6.89,CF,1612028759
9,Banjar,-8.19,114.9675,78.8,89,40,12.66,ID,1612028759
10,Rikitea,-23.1203,-134.9692,78.98,75,62,11.86,PF,1612028341
11,Carnarvon,-24.8667,113.6333,82.4,65,25,10.36,AU,1612028692
12,Tuktoyaktuk,69.4541,-133.0374,-36.4,67,40,3.44,CA,1612028357
13,New Norfolk,-42.7826,147.0587,53.01,76,40,4.61,AU,1612028692
14,Saskylakh,71.9167,114.0833,-37.35,79,46,8.46,RU,1612028575
15,Yangjiang,21.85,111.9667,61.57,83,54,5.26,CN,1612028760
16,Altay,47.8667,88.1167,7.39,77,0,3.13,CN,1612028761
17,Vestmannaeyjar,63.4427,-20.2734,32.0,80,75,12.66,IS,1612028604
18,Hilo,19.7297,-155.09,66.2,94,90,8.05,US,1612028578
19,Punta Arenas,-53.15,-70.9167,57.2,51,40,27.63,CL,1612028521
20,Cienfuegos,22.1461,-80.4356,77.0,47,20,13.8,CU,1612028669
21,Naze,28.3667,129.4833,51.15,68,0,8.86,JP,1612028578
22,Vardø,70.3705,31.1107,30.2,86,75,24.16,NO,1612028762
23,Dikson,73.5069,80.5464,-35.72,82,25,9.71,RU,1612028569
24,Hasaki,35.7333,140.8333,26.6,80,20,2.3,JP,1612028711
25,Yellowknife,62.456,-114.3525,-15.0,76,40,5.75,CA,1612028762
26,Severo-Kuril'sk,50.6789,156.125,23.43,95,100,29.01,RU,1612028763
27,Richards Bay,-28.783,32.0377,77.16,81,88,6.96,ZA,1612028763
28,Srednekolymsk,67.45,153.6833,-40.32,81,71,2.33,RU,1612028763
29,La Constancia,24.2231,-107.1869,75.2,50,1,7.09,MX,1612028763
30,Port Alfred,-33.5906,26.891,68.0,87,5,1.01,ZA,1612028764
31,Fairbanks,64.8378,-147.7164,-7.6,77,90,3.44,US,1612028764
32,Butaritari,3.0707,172.7902,80.83,77,95,16.31,KI,1612028764
33,Mataura,-46.1927,168.8643,48.0,80,57,8.01,NZ,1612028765
34,Kieta,-6.2167,155.6333,81.32,80,85,14.07,PG,1612028765
35,Baijiantan,45.6333,85.1833,6.75,92,0,1.99,CN,1612028765
36,Chokurdakh,70.6333,147.9167,-29.0,85,3,7.07,RU,1612028765
37,Matara,5.9485,80.5353,77.38,85,100,0.25,LK,1612028765
38,Pemberton,50.3164,-122.8027,28.99,93,90,2.3,CA,1612028538
39,Lüderitz,-26.6481,15.1594,72.25,49,0,27.29,NA,1612028588
40,Wittlich,49.9833,6.8833,36.0,100,90,11.5,DE,1612028766
41,Kruisfontein,-34.0033,24.7314,70.0,73,0,5.99,ZA,1612028602
42,Kaitangata,-46.2817,169.8464,46.0,93,33,4.0,NZ,1612028766
43,Busselton,-33.65,115.3333,66.99,65,0,1.01,AU,1612028767
44,Thompson,55.7435,-97.8558,12.2,85,90,2.93,CA,1612028704
45,Saravan,39.7196,45.6483,32.0,93,93,4.61,AM,1612028767
46,Gravdal,68.1214,13.5031,26.53,88,1,5.97,NO,1612028767
47,Nyagan,62.1406,65.3936,-10.35,89,100,6.22,RU,1612028768
48,Talnakh,69.4865,88.3972,-31.05,71,0,5.86,RU,1612028768
49,Hermanus,-34.4187,19.2345,71.01,77,0,5.99,ZA,1612028564
50,Castro,-24.7911,-50.0119,70.59,91,91,4.68,BR,1612028768
51,Poum,-20.2333,164.0167,78.01,75,71,15.28,NC,1612028769
52,Bonavista,48.6499,-53.1147,30.0,93,98,4.61,CA,1612028769
53,Morón,-34.6534,-58.6198,64.4,88,90,13.8,AR,1612028769
54,Linden,6.0,-58.3,80.6,94,75,13.8,GY,1612028769
55,Bambous Virieux,-20.3428,57.7575,79.0,89,75,5.75,MU,1612028769
56,Kansanshi,-12.0951,26.4273,65.73,86,100,1.5,ZM,1612028770
57,Gaya,24.7833,85.0,48.2,93,0,4.25,IN,1612028668
58,Bismarck,46.8083,-100.7837,24.8,93,90,6.91,US,1612028598
59,Maun,-19.9833,23.4167,77.0,83,75,4.61,BW,1612028770
60,Baruun-Urt,46.6806,113.2792,-1.35,93,84,4.5,MN,1612028770
61,Santa Cruz de La Palma,28.6835,-17.7642,66.2,72,75,14.97,ES,1612028771
62,Padang,-0.9492,100.3543,77.81,74,100,4.18,ID,1612028587
63,Hambantota,6.1241,81.1185,77.77,83,92,11.9,LK,1612028771
64,Pangoa,-12.1167,-73.0,76.15,81,97,1.66,PE,1612028771
65,Polson,47.6936,-114.1632,32.0,47,91,1.99,US,1612028771
66,Astorga,-23.2325,-51.6656,78.8,94,90,12.66,BR,1612028772
67,Cayenne,4.9333,-52.3333,80.6,94,75,8.05,GF,1612028772
68,Pimenteiras,-6.2453,-41.4192,81.48,74,100,6.49,BR,1612028772
69,Bulgan,48.8125,103.5347,8.29,79,31,11.41,MN,1612028563
70,Meulaboh,4.1363,96.1285,75.83,84,77,5.03,ID,1612028772
71,Mount Gambier,-37.8333,140.7667,53.6,87,5,5.75,AU,1612028773
72,Los Llanos de Aridane,28.6585,-17.9182,66.2,72,75,14.97,ES,1612028773
73,Hobart,-42.8794,147.3294,53.01,76,40,4.61,AU,1612028702
74,Porto Nacional,-10.7081,-48.4172,84.2,74,40,4.61,BR,1612028773
75,Saldanha,-33.0117,17.9442,65.89,86,0,12.01,ZA,1612028773
76,Vangaindrano,-23.35,47.6,78.6,85,0,7.81,MG,1612028774
77,Cape Town,-33.9258,18.4232,73.99,60,20,12.66,ZA,1612028562
78,Barrow,71.2906,-156.7887,-7.6,77,90,9.22,US,1612028565
79,Mugur-Aksy,50.35,90.5,1.62,83,13,9.73,RU,1612028774
80,Saint Paul Harbor,57.79,-152.4072,32.0,55,1,25.32,US,1612028774
81,Dwārka,22.2394,68.9678,68.41,51,0,14.52,IN,1612028775
82,Avarua,-21.2078,-159.775,78.8,89,99,1.14,CK,1612028775
83,Qaanaaq,77.484,-69.3632,-5.67,72,99,1.81,GL,1612028762
84,Klaksvík,62.2266,-6.589,35.6,93,40,9.22,FO,1612028775
85,Beian,63.6559,9.5683,32.0,93,40,9.22,NO,1612028776
86,Cerrito,6.8432,-72.694,82.4,54,20,5.75,CO,1612028776
87,Constitución,-35.3333,-72.4167,66.97,81,80,2.86,CL,1612028776
88,Port Elizabeth,-33.918,25.5701,69.8,78,0,10.36,ZA,1612028776
89,Lorengau,-2.0226,147.2712,82.08,80,100,11.74,PG,1612028776
90,Laas,46.6166,10.7002,39.99,80,0,4.61,IT,1612028777
91,Lompoc,34.6391,-120.4579,48.99,93,1,4.61,US,1612028616
92,Jamestown,42.097,-79.2353,26.01,79,90,4.94,US,1612028655
93,Margate,51.3813,1.3862,39.99,96,100,7.0,GB,1612028778
94,Zhigansk,66.7697,123.3711,-48.5,75,93,3.09,RU,1612028778
95,Matagami,49.7502,-77.6328,-2.2,84,90,8.05,CA,1612028778
96,Codrington,-38.2667,141.9667,58.14,75,33,5.44,AU,1612028585
97,Benemérito de las Américas,16.5167,-90.6439,77.81,68,80,1.77,MX,1612028778
98,Toccoa,34.5773,-83.3324,41.0,60,90,4.68,US,1612028779
99,Verkhnyaya Inta,65.9811,60.3094,0.63,88,100,8.3,RU,1612028779
100,Westport,41.1415,-73.3579,26.01,42,1,12.66,US,1612028642
101,Kindu,-2.95,25.95,76.89,77,100,2.24,CD,1612028779
102,Wewak,-3.5534,143.6268,78.71,83,100,10.71,PG,1612028780
103,George Town,5.4112,100.3354,80.6,83,20,4.88,MY,1612028655
104,Hīt,33.6416,42.8251,53.89,44,23,5.44,IQ,1612028780
105,Lavrentiya,65.5833,-171.0,-19.64,83,0,5.48,RU,1612028781
106,Longyearbyen,78.2186,15.6401,-2.2,50,20,20.71,SJ,1612028590
107,Nome,64.5011,-165.4064,-13.0,77,1,6.91,US,1612028781
108,Albany,42.6001,-73.9662,18.0,50,2,1.01,US,1612028781
109,Ambilobe,-13.2,49.05,75.47,90,71,2.51,MG,1612028591
110,Namatanai,-3.6667,152.4333,80.64,80,92,12.41,PG,1612028782
111,Sitka,57.0531,-135.33,37.4,60,75,6.91,US,1612028782
112,Painesville,41.7245,-81.2457,32.0,43,1,5.75,US,1612028559
113,Bethel,41.3712,-73.414,21.99,51,0,5.01,US,1612028593
114,São João da Barra,-21.6403,-41.0511,87.8,42,0,23.02,BR,1612028670
115,Oranjemund,-28.55,16.4333,64.04,83,0,18.05,NA,1612028783
116,Kiruna,67.8557,20.2251,14.0,85,75,9.22,SE,1612028783
117,Kirakira,-10.4544,161.9205,78.31,85,100,6.89,SB,1612028783
118,Burnie,-41.0667,145.9167,53.01,79,26,15.01,AU,1612028783
119,Chui,-33.6971,-53.4616,83.57,49,16,13.02,UY,1612028783
120,Puerto Ayora,-0.7393,-90.3518,84.2,70,0,14.97,EC,1612028562
121,Bluff,-46.6,168.3333,48.0,80,62,8.01,NZ,1612028713
122,Sibolga,1.7427,98.7792,76.55,83,100,3.02,ID,1612028784
123,Yamada,39.4667,141.95,25.11,91,6,7.07,JP,1612028640
124,Necochea,-38.5473,-58.7368,69.01,48,100,15.01,AR,1612028784
125,Mar del Plata,-38.0023,-57.5575,64.4,55,90,23.02,AR,1612028700
126,Bredasdorp,-34.5322,20.0403,71.01,77,0,5.99,ZA,1612028785
127,Kapaa,22.0752,-159.319,71.6,88,40,17.27,US,1612028562
128,Esperance,-33.8667,121.9,59.0,82,0,12.66,AU,1612028607
129,Cherskiy,68.75,161.3,-35.55,83,4,3.98,RU,1612028585
130,Nuevitas,21.5453,-77.2644,78.8,41,20,19.57,CU,1612028785
131,Saint-Philippe,-21.3585,55.7679,80.6,65,0,4.61,RE,1612028582
132,Vila Velha,-20.3297,-40.2925,87.8,55,20,17.27,BR,1612028786
133,Spalding,33.2668,-84.2833,51.01,53,1,6.91,US,1612028786
134,Khasan,42.4308,130.6434,6.89,85,0,11.83,RU,1612028786
135,San Patricio,28.017,-97.5169,78.8,69,75,27.63,US,1612028787
136,Hearst,49.6835,-83.6665,3.2,78,27,1.14,CA,1612028787
137,Manhattan,40.7834,-73.9662,28.99,39,1,5.75,US,1612028521
138,Arraial do Cabo,-22.9661,-42.0278,93.2,48,0,19.57,BR,1612028787
139,Daru,-9.0763,143.2092,76.96,92,100,12.3,PG,1612028788
140,Bahía Blanca,-38.7196,-62.2724,75.74,24,100,18.45,AR,1612028664
141,Mahébourg,-20.4081,57.7,78.8,89,75,5.75,MU,1612028788
142,Boundiali,9.5217,-6.4869,90.55,12,0,3.98,CI,1612028788
143,Aksu,41.1231,80.2644,20.48,79,0,0.22,CN,1612028789
144,Benton Harbor,42.1167,-86.4542,35.01,59,90,14.97,US,1612028789
145,Te Anau,-45.4167,167.7167,42.96,87,59,1.39,NZ,1612028789
146,Khatanga,71.9667,102.5,-45.65,77,5,1.43,RU,1612028789
147,Tateyama,34.9833,139.8667,41.0,70,20,5.75,JP,1612028789
148,Inírida,3.8653,-67.9239,93.02,42,93,3.47,CO,1612028790
149,Yulara,-25.2406,130.9889,87.8,35,90,17.27,AU,1612028790
150,Henties Bay,-22.116,14.2845,68.0,83,29,3.0,NA,1612028790
151,Mana,5.6592,-53.7767,79.43,87,76,13.6,GF,1612028790
152,Nizhnevartovsk,60.9344,76.5531,-22.0,63,0,13.42,RU,1612028791
153,San Vicente,-26.6167,-54.1333,70.39,97,98,7.2,AR,1612028705
154,Nadvoitsy,63.8667,34.3167,16.07,97,97,3.6,RU,1612028791
155,Goshen,41.5823,-85.8344,30.99,59,90,13.8,US,1612028791
156,San Juan,-31.5375,-68.5364,76.44,42,64,15.17,AR,1612028791
157,Ceyhan,37.0247,35.8175,48.0,100,75,12.66,TR,1612028792
158,Khani,41.9563,42.9566,42.8,81,0,12.66,GE,1612028792
159,Asopós,36.7333,22.8667,55.69,74,12,7.94,GR,1612028792
160,Varhaug,58.6147,5.6457,28.99,100,75,6.91,NO,1612028792
161,Biltine,14.5333,20.9167,77.34,17,0,11.56,TD,1612028792
162,Kropotkin,45.4375,40.5756,38.86,84,66,9.19,RU,1612028793
163,Faanui,-16.4833,-151.75,80.71,68,75,2.46,PF,1612028589
164,Paamiut,61.994,-49.6678,30.25,87,93,8.79,GL,1612028708
165,Vao,-22.6667,167.4833,75.56,83,56,22.3,NC,1612028793
166,Asekeyevo,53.5742,52.7972,22.8,96,97,9.6,RU,1612028793
167,Rawson,-43.3002,-65.1023,66.22,40,1,17.78,AR,1612028727
168,Lima,-12.0432,-77.0282,77.0,64,0,8.05,PE,1612028711
169,Balboa,2.0396,-77.2168,77.23,61,25,2.95,CO,1612028794
170,Rome,43.2128,-75.4557,17.01,67,90,4.61,US,1612028644
171,Flin Flon,54.7682,-101.865,12.2,92,90,2.3,CA,1612028794
172,Yumen,40.2833,97.2,24.04,73,0,24.18,CN,1612028795
173,Yar-Sale,66.8333,70.8333,-23.89,86,100,15.84,RU,1612028795
174,East London,-33.0153,27.9116,73.4,78,40,8.05,ZA,1612028758
175,Praia da Vitória,38.7333,-27.0667,66.2,82,75,25.81,PT,1612028795
176,Kheri,27.9,80.8,51.89,46,0,6.96,IN,1612028796
177,Betsiamites,48.9413,-68.646,8.6,52,1,5.75,CA,1612028796
178,Havre-St-Pierre,50.2334,-63.5986,19.4,63,1,14.97,CA,1612028796
179,Tasiilaq,65.6145,-37.6368,15.8,41,75,17.27,GL,1612028796
180,Gourcy,13.2167,-2.35,84.81,13,0,8.12,BF,1612028796
181,Chachapoyas,-6.2317,-77.869,65.08,64,86,2.84,PE,1612028797
182,Green River,41.5286,-109.4662,26.6,74,20,21.85,US,1612028797
183,Esil,51.9556,66.4042,19.62,94,100,10.96,KZ,1612028797
184,Vanderhoof,54.0166,-124.0198,12.9,95,100,1.74,CA,1612028704
185,Wajima,37.4,136.9,38.68,85,96,16.13,JP,1612028797
186,Guerrero Negro,27.9769,-114.0611,62.78,49,0,12.84,MX,1612028602
187,Cabo Rojo,18.0866,-67.1457,84.99,66,1,4.0,PR,1612028798
188,Dubréka,9.7911,-13.5233,84.43,54,0,9.44,GN,1612028798
189,West Helena,34.5507,-90.6418,57.2,47,100,19.57,US,1612028798
190,Lebu,-37.6167,-73.65,62.11,71,5,9.95,CL,1612028799
191,Batagay,67.6333,134.6333,-47.06,76,89,0.94,RU,1612028799
192,Barra de Tecoanapa,16.5167,-98.75,84.67,52,81,6.38,MX,1612028799
193,Cabedelo,-6.9811,-34.8339,87.8,58,40,14.97,BR,1612028653
194,Dakar,14.6937,-17.4441,77.0,47,0,11.5,SN,1612028695
195,Ţaga,46.95,24.05,41.0,93,0,3.44,RO,1612028800
196,Severo-Yeniseyskiy,60.3725,93.0408,-41.66,81,38,1.52,RU,1612028800
197,Słupsk,54.4641,17.0287,26.44,92,78,7.67,PL,1612028800
198,Airai,-8.9266,125.4092,61.48,100,100,5.23,TL,1612028572
199,Clyde River,70.4692,-68.5914,-18.4,83,1,4.61,CA,1612028800
200,Fortuna,40.5982,-124.1573,52.0,71,90,24.16,US,1612028801
201,Faya,18.3851,42.4509,60.8,63,0,4.61,SA,1612028801
202,Aklavik,68.2191,-135.0107,-22.0,76,75,2.3,CA,1612028801
203,Brufut,13.3814,-16.7518,98.6,19,0,4.61,GM,1612028801
204,Lexington,37.9887,-84.4777,37.0,55,1,11.5,US,1612028544
205,Coquimbo,-29.9533,-71.3436,68.0,73,20,14.97,CL,1612028802
206,Iqaluit,63.7506,-68.5145,-9.0,70,20,16.11,CA,1612028802
207,General Roca,-39.0333,-67.5833,73.4,53,75,3.44,AR,1612028802
208,Kamenka,51.3223,42.7678,34.0,96,92,7.92,RU,1612028803
209,Cidreira,-30.1811,-50.2056,81.39,81,46,9.24,BR,1612028803
210,Vestmanna,62.1564,-7.1664,35.6,93,40,9.22,FO,1612028803
211,Saint George,37.1041,-113.5841,42.01,93,75,4.61,US,1612028634
212,Pīpār,26.3856,73.5378,52.86,40,0,3.36,IN,1612028803
213,Oddur,4.1213,43.8894,78.08,20,0,8.84,SO,1612028804
214,Alyangula,-13.8483,136.4192,80.6,94,40,15.12,AU,1612028804
215,Dunedin,-45.8742,170.5036,54.0,80,21,5.99,NZ,1612028804
216,Buraidah,26.326,43.975,57.2,54,0,4.61,SA,1612028804
217,Ancud,-41.8697,-73.8203,66.2,48,0,6.91,CL,1612028593
218,Hobyo,5.3505,48.5268,76.55,75,13,15.86,SO,1612028805
219,Cedral,23.8,-100.7333,72.18,29,9,6.78,MX,1612028805
220,Palāsa,18.7667,84.4167,70.32,77,0,2.48,IN,1612028805
221,Santa Helena de Goiás,-17.8136,-50.5969,86.81,53,42,4.16,BR,1612028805
222,Sidi Ali,36.0998,0.4206,57.69,89,94,25.05,DZ,1612028647
223,Roald,62.5833,6.1333,33.8,93,90,13.8,NO,1612028806
224,Viedma,-40.8135,-62.9967,75.99,33,50,14.29,AR,1612028806
225,Jiangyou,31.7667,104.7167,48.29,54,99,1.81,CN,1612028807
226,Sakaiminato,35.55,133.2333,46.4,57,75,9.22,JP,1612028807
227,Mabaruma,8.2,-59.7833,78.64,93,69,7.05,GY,1612028807
228,Don Luan,11.5333,106.9167,69.26,76,94,5.17,VN,1612028791
229,Berlevåg,70.8578,29.0864,25.54,96,100,23.71,NO,1612028807
230,Ulaangom,49.9811,92.0667,-1.37,82,6,0.83,MN,1612028808
231,Dingle,10.9995,122.6711,71.58,90,99,10.49,PH,1612028808
232,Sambava,-14.2667,50.1667,79.47,79,34,2.77,MG,1612028808
233,Inuvik,68.3499,-133.7218,-29.2,75,100,1.14,CA,1612028771
234,Havelock,34.8791,-76.9013,43.0,44,1,8.05,US,1612028808
235,Papetoai,-17.4961,-149.8729,80.6,65,75,3.44,PF,1612028809
236,Knysna,-34.0363,23.0471,69.8,68,20,9.22,ZA,1612028809
237,Grindavik,63.8424,-22.4338,26.6,74,20,17.27,IS,1612028809
238,Mutare,-18.9707,32.6709,67.48,97,67,4.52,ZW,1612028809
239,San Lorenzo,-25.3333,-57.5333,89.6,62,75,17.27,PY,1612028550
240,Nísia Floresta,-6.0911,-35.2086,87.8,62,40,18.41,BR,1612028810
241,Hudson Bay,52.85,-102.3842,13.55,94,87,0.29,CA,1612028810
242,Port Lincoln,-34.7333,135.8667,59.59,80,8,13.0,AU,1612028810
243,Parfino,57.9731,31.6481,25.3,97,97,6.96,RU,1612028610
244,Alibag,18.6411,72.8792,77.0,38,0,7.14,IN,1612028811
245,Yaan,7.3833,8.5667,86.99,13,0,4.12,NG,1612028811
246,Río Gallegos,-51.6226,-69.2181,64.4,34,75,18.41,AR,1612028811
247,Kedrovyy,56.1667,91.8167,-29.2,75,0,1.81,RU,1612028811
248,Chingola,-12.529,27.8838,66.27,89,95,0.36,ZM,1612028811
249,Concepción,-36.827,-73.0498,66.2,82,75,1.14,CL,1612028812
250,Nam Som,17.7704,102.1895,73.0,65,35,5.1,TH,1612028812
251,Abonnema,4.7084,6.7931,93.2,52,38,2.3,NG,1612028812
252,Alzey,49.7517,8.1161,39.0,97,100,14.18,DE,1612028812
253,Genhe,50.7833,121.5167,-23.66,84,99,0.6,CN,1612028713
254,Arlit,18.7369,7.3853,73.27,16,19,10.71,NE,1612028813
255,Yangi Marg`ilon,40.4272,71.7189,39.2,35,98,4.61,UZ,1612028634
256,Ushumun,52.7833,126.5333,-33.74,83,0,3.2,RU,1612028813
257,Bundaberg,-24.85,152.35,71.01,88,7,5.75,AU,1612028813
258,Nagorsk,59.3172,50.8078,27.39,98,100,12.26,RU,1612028814
259,Uvira,-3.4067,29.1458,75.09,65,61,2.08,CD,1612028814
260,Kaeo,-35.1,173.7833,55.99,90,0,5.99,NZ,1612028815
261,Tapes,-30.6733,-51.3958,82.81,78,29,7.47,BR,1612028597
262,Dabat,12.9842,37.765,56.71,44,32,4.74,ET,1612028815
263,Aykhal,66.0,111.5,-36.94,79,61,11.14,RU,1612028815
264,Pangnirtung,66.1451,-65.7125,-11.2,84,1,4.61,CA,1612028816
265,San Vicente de Cañete,-13.0751,-76.3835,77.86,55,36,8.25,PE,1612028816
266,Gadag,15.4167,75.6167,73.78,31,0,7.02,IN,1612028816
267,Half Moon Bay,37.4636,-122.4286,52.0,66,90,5.75,US,1612028816
268,Ust-Nera,64.5667,143.2,-24.27,77,100,5.97,RU,1612028816
269,Nanortalik,60.1432,-45.2371,35.28,80,100,14.32,GL,1612028817
270,Pueblo Bello,8.2041,-76.526,88.75,50,67,4.0,CO,1612028817
271,Brownwood,31.7093,-98.9912,69.8,28,1,28.77,US,1612028817
272,Nantucket,41.2835,-70.0995,19.4,68,20,14.97,US,1612028685
273,Huaraz,-9.5333,-77.5333,59.29,53,99,3.96,PE,1612028817
274,Mocuba,-16.8392,36.9856,75.36,96,100,4.16,MZ,1612028818
275,Laguna,38.421,-121.4238,52.0,87,90,3.44,US,1612028818
276,Norman Wells,65.282,-126.8329,-27.4,68,75,2.3,CA,1612028818
277,Tuatapere,-46.1333,167.6833,48.0,80,75,8.01,NZ,1612028818
278,Cañon City,38.441,-105.2424,51.8,25,1,12.66,US,1612028818
279,Mayo,38.8876,-76.5119,36.0,40,1,8.05,US,1612028819
280,Cabo San Lucas,22.8909,-109.9124,75.0,60,1,3.44,MX,1612028566
281,Nelson Bay,-32.7167,152.15,69.01,100,9,7.94,AU,1612028819
282,Husavik,66.0449,-17.3389,19.4,63,75,6.91,IS,1612028819
283,Tautira,-17.7333,-149.15,80.6,65,75,3.44,PF,1612028819
284,Umluj,25.0213,37.2685,68.09,54,0,16.84,SA,1612028820
285,Kiama,-34.6833,150.8667,72.0,93,69,1.99,AU,1612028820
286,Mahibadhoo,3.7833,72.9667,81.12,75,0,11.86,MV,1612028820
287,Kabompo,-13.5927,24.2008,68.58,89,91,2.62,ZM,1612028820
288,Yatou,37.15,122.3833,38.68,84,90,9.93,CN,1612028820
289,Alofi,-19.0595,-169.9187,75.2,94,100,8.05,NU,1612028821
290,Williston,48.147,-103.618,19.99,89,94,3.0,US,1612028281
291,Tiksi,71.6872,128.8694,-26.57,86,100,5.59,RU,1612028821
292,Olinda,-8.0089,-34.8553,82.4,61,40,10.36,BR,1612028821
293,Narsaq,60.9167,-46.05,41.0,30,75,35.68,GL,1612028822
294,Brae,60.3964,-1.353,32.0,86,20,4.61,GB,1612028822
295,Kokoda,-8.8785,147.7407,77.36,65,100,5.61,PG,1612028822
296,Kalawit,8.0667,122.5167,78.3,78,97,18.88,PH,1612028822
297,Inhambane,-23.865,35.3833,84.2,74,20,2.3,MZ,1612028823
298,Portland,45.5234,-122.6762,46.0,81,90,19.57,US,1612028550
299,Touros,-5.1989,-35.4608,87.8,55,40,13.8,BR,1612028823
300,Winneba,5.3511,-0.6231,84.2,79,20,12.66,GH,1612028823
301,Pori,61.4833,21.7833,21.2,86,90,8.05,FI,1612028823
302,Darnah,32.767,22.6367,62.15,72,0,14.74,LY,1612028824
303,Makīnsk,52.6292,70.4169,16.79,91,97,7.7,KZ,1612028824
304,Kavieng,-2.5744,150.7967,82.36,76,48,14.63,PG,1612028824
305,Okhotsk,59.3833,143.3,-12.35,79,0,16.15,RU,1612028824
306,Mehamn,71.0357,27.8492,25.97,97,100,22.5,NO,1612028825
307,Cañete,-37.8,-73.4,66.79,60,25,6.71,CL,1612028825
308,Cap-aux-Meules,47.3821,-61.8597,26.6,74,100,21.85,CA,1612028825
309,Kloulklubed,7.0419,134.2556,78.8,83,75,6.91,PW,1612028726
310,Kumul,42.8,93.45,22.05,83,0,2.04,CN,1612028826
311,Bengkulu,-3.8004,102.2655,75.65,88,99,6.73,ID,1612028535
312,Ribeira Grande,38.5167,-28.7,64.4,88,75,16.11,PT,1612028826
313,Seoul,37.5683,126.9778,24.8,93,44,1.14,KR,1612028591
314,Aksarka,66.5606,67.7975,-20.87,85,100,9.66,RU,1612028826
315,Tázlár,46.5482,19.5144,48.99,76,0,6.91,HU,1612028827
316,Log,49.4844,43.8613,31.78,97,99,10.49,RU,1612028827
317,Rubtsovsk,51.5,81.25,7.2,93,1,5.88,RU,1612028827
318,Ottumwa,41.02,-92.4113,37.0,86,90,12.66,US,1612028827
319,Hong Kong,22.2855,114.1577,62.01,75,2,3.0,HK,1612028555
320,Juneau,58.3019,-134.4197,30.99,86,75,5.57,US,1612028701
321,Nemuro,43.3236,145.575,21.49,92,100,16.11,JP,1612028716
322,Masallātah,32.6167,14.0,65.32,43,0,8.68,LY,1612028828
323,Leningradskiy,69.3833,178.4167,-27.49,84,78,1.88,RU,1612028828
324,Pisco,-13.7,-76.2167,75.99,78,0,11.5,PE,1612028828
325,Tura,25.5198,90.2201,52.36,41,0,1.36,IN,1612028618
326,Ust-Tsilma,65.441,52.1498,3.58,93,100,9.86,RU,1612028829
327,Hithadhoo,-0.6,73.0833,82.78,75,65,13.38,MV,1612028829
328,Kapoeta,4.7717,33.5903,86.86,22,22,11.72,SS,1612028829
329,Orocué,4.7912,-71.3354,93.42,37,5,13.69,CO,1612028829
330,Angangueo,19.6194,-100.2853,70.16,29,88,2.62,MX,1612028830
331,Kuusamo,65.9667,29.1833,10.4,92,90,5.75,FI,1612028830
332,Bubaque,11.2833,-15.8333,80.02,62,0,13.91,GW,1612028830
333,Lyuban',52.7985,28.0048,21.97,98,100,3.78,BY,1612028830
334,Pangai,-19.8,-174.35,79.36,76,100,11.18,TO,1612028830
335,Santiago del Estero,-27.7951,-64.2615,85.1,62,22,26.28,AR,1612028831
336,Cernay,47.8097,7.177,48.0,93,75,4.61,FR,1612028831
337,Zheleznodorozhnyy,55.7503,38.0042,28.4,74,75,13.42,RU,1612028831
338,Katsuura,35.1333,140.3,41.0,70,20,5.75,JP,1612028831
339,San Bartolomé de Tirajana,27.9248,-15.5733,68.0,68,20,26.46,ES,1612028831
340,Port Augusta,-32.5,137.7667,66.2,72,95,12.66,AU,1612028832
341,Kolda,12.8833,-14.95,102.2,13,0,2.3,SN,1612028832
342,Mundo Nuevo (Ojo de Agua),18.7,-95.5,74.41,80,90,4.16,MX,1612028833
343,Gusev,54.5922,22.1997,23.67,96,100,7.47,RU,1612028833
344,Pevek,69.7008,170.3133,-32.75,85,37,3.94,RU,1612028833
345,Asău,46.4333,26.4,43.0,65,0,6.91,RO,1612028834
346,Morshansk,53.4435,41.8107,22.3,97,97,9.4,RU,1612028834
347,San Cristobal,7.7669,-72.225,82.4,61,40,11.5,VE,1612028718
348,Casa Branca,-21.7739,-47.0864,95.0,29,40,10.36,BR,1612028834
349,Hvolsvollur,63.7533,-20.2243,32.0,80,75,12.66,IS,1612028835
350,Itanhaém,-24.1831,-46.7889,90.0,70,20,6.91,BR,1612028835
351,Honiara,-9.4333,159.95,78.94,82,100,5.32,SB,1612028835
352,Oktyabr'skoye,43.0645,44.7417,37.4,93,75,11.18,RU,1612028835
353,Dickinson,29.4608,-95.0513,73.0,68,90,24.16,US,1612028835
354,Salalah,17.0151,54.0924,73.4,56,20,3.44,OM,1612028836
355,Gainesville,29.6516,-82.3248,66.99,45,1,9.22,US,1612028800
356,Belyy Yar,53.6039,91.3903,-16.6,69,0,6.71,RU,1612028836
357,Bassila,9.0081,1.6654,85.23,14,0,2.17,BJ,1612028836
358,Mityana,0.4175,32.0228,71.6,88,20,6.91,UG,1612028836
359,Karabulak,43.3036,44.8964,37.4,93,75,11.18,RU,1612028837
360,Vila Franca do Campo,37.7167,-25.4333,64.99,94,40,19.57,PT,1612028612
361,Sada,43.3562,-8.258,55.0,71,40,16.11,ES,1612028837
362,Aswān,24.0934,32.907,60.76,32,0,9.66,EG,1612028601
363,Ruteng,-8.6136,120.4721,62.82,100,100,5.23,ID,1612028838
364,Oistins,13.0667,-59.5333,84.2,61,40,14.97,BB,1612028697
365,Vanavara,60.34,102.2797,-42.03,79,4,4.0,RU,1612028838
366,Tignère,7.3667,12.65,72.59,22,55,4.32,CM,1612028839
367,Tegul'det,57.3064,88.1667,-28.21,83,0,2.17,RU,1612028839
368,Hualmay,-11.0964,-77.6139,76.24,63,76,11.41,PE,1612028839
369,Ponot,8.452,123.0222,78.06,80,100,20.89,PH,1612028839
370,São José da Coroa Grande,-8.8978,-35.1478,82.62,68,93,10.98,BR,1612028808
371,Rodolfo Sánchez Taboada,31.7167,-116.5667,57.0,81,21,1.01,MX,1612028840
372,Grand Gaube,-20.0064,57.6608,79.0,81,0,4.0,MU,1612028840
373,Carutapera,-1.195,-46.02,84.22,70,82,10.74,BR,1612028840
374,Ashtabula,41.7001,-80.7665,30.99,59,90,3.44,US,1612028841
375,Ponta do Sol,32.6667,-17.1,63.0,74,40,3.0,PT,1612028748
376,Presidencia Roque Sáenz Peña,-26.7852,-60.4388,91.99,57,48,4.0,AR,1612028841
377,Bridgetown,13.1,-59.6167,84.2,61,40,14.97,BB,1612028841
378,Troitskoye,52.9821,84.6757,0.95,93,90,6.71,RU,1612028841
379,Tambacounda,13.7539,-13.7586,104.0,9,0,6.91,SN,1612028842
380,Lahijan,37.2061,50.0029,46.4,100,20,6.4,IR,1612028842
381,Caravelas,-17.7125,-39.2481,84.27,57,5,9.62,BR,1612028842
382,Liku,-0.7275,119.8922,73.62,81,100,2.13,ID,1612028842
383,Mhasla,18.1333,73.1167,73.2,51,0,4.97,IN,1612028842
384,Iancu Jianu,44.5,24.0333,46.99,75,0,8.05,RO,1612028843
385,Smithers,54.7804,-127.1743,14.0,79,75,5.75,CA,1612028843
386,Kangaatsiaq,68.3065,-53.4641,6.08,91,70,7.45,GL,1612028843
387,Monrovia,6.3005,-10.7969,84.2,74,75,3.44,LR,1612028843
388,Northam,51.0333,-4.2167,42.01,93,100,18.01,GB,1612028843
389,Dukat,62.55,155.55,-35.0,81,100,5.64,RU,1612028844
390,Paraíso,9.8383,-83.8656,77.0,64,75,23.02,CR,1612028844
391,Pehowa,29.9833,76.5833,48.6,50,2,4.52,IN,1612028844
392,Martil,35.6166,-5.2752,60.8,82,75,17.27,MA,1612028628
393,Port Hardy,50.6996,-127.4199,41.0,93,90,4.61,CA,1612028844
394,San Andrés,12.5847,-81.7006,84.2,70,40,16.11,CO,1612028601
395,Qusar,41.4273,48.4289,35.08,93,100,1.07,AZ,1612028845
396,Murmashi,68.8154,32.8115,15.8,92,40,6.71,RU,1612028845
397,Pilar,-9.5972,-35.9567,84.2,70,75,12.66,BR,1612028845
398,Lodja,-3.4833,23.4333,71.55,93,98,1.3,CD,1612028846
399,Budureasa,46.6667,22.5,45.0,87,0,14.97,RO,1612028846
400,Yueyang,29.3333,113.0919,48.49,77,97,0.81,CN,1612028846
401,Dayong,25.0209,118.2898,55.4,82,0,2.24,CN,1612028846
402,Jalu,29.0331,21.5482,65.16,36,0,9.89,LY,1612028846
403,Sarai,53.7458,41.0213,21.13,97,94,10.13,RU,1612028847
404,Lagoa,39.05,-27.9833,62.28,90,16,31.07,PT,1612028847
405,New Ulm,44.3125,-94.4605,28.99,74,90,10.36,US,1612028847
406,Gilgit,35.9221,74.3087,26.44,53,3,2.8,PK,1612028847
407,Ilo,-17.6394,-71.3375,75.2,69,0,8.05,PE,1612028847
408,Ternate,0.8,127.4,77.97,79,100,9.6,ID,1612028848
409,Farafangana,-22.8167,47.8333,80.38,81,1,12.39,MG,1612028848
410,Ishigaki,24.3448,124.1572,66.07,58,75,13.38,JP,1612028848
411,Jumla,29.2747,82.1838,31.14,66,0,3.06,NP,1612028849
412,Granollers,41.608,2.2877,61.0,58,20,8.05,ES,1612028849
413,Kulhudhuffushi,6.6221,73.07,81.93,67,84,8.25,MV,1612028685
414,Spasskoye,44.6108,132.7969,-10.82,91,98,1.48,RU,1612028849
415,Sørland,67.667,12.6934,30.85,92,14,8.03,NO,1612028593
416,Launceston,-41.45,147.1667,57.2,67,90,8.05,AU,1612028601
417,Afikpo,5.8931,7.9374,87.6,23,36,2.86,NG,1612028850
418,Erzin,36.9559,36.2,48.0,96,100,10.0,TR,1612028850
419,Torbay,47.6666,-52.7314,30.0,86,90,18.41,CA,1612028850
420,Hamilton,39.1834,-84.5333,35.01,51,90,9.22,US,1612028784
421,Marsaxlokk,35.8419,14.5431,60.01,88,0,8.05,MT,1612028851
422,Siocon,7.7061,122.1353,77.99,78,100,12.8,PH,1612028851
423,Ivanava,52.1451,25.5365,23.68,98,100,5.1,BY,1612028851
424,Koungou,-12.7336,45.2042,80.6,83,0,6.91,YT,1612028852
425,Sussex,41.1834,-74.6663,26.01,46,1,3.44,US,1612028852
426,Agirish,61.9247,63.0231,-8.43,91,100,4.16,RU,1612028852
427,São João dos Patos,-6.495,-43.7022,80.44,80,99,4.72,BR,1612028853
428,Wanning,18.8003,110.3967,67.82,87,36,9.86,CN,1612028688
429,Tovarkovskiy,53.6822,38.2092,22.26,97,100,11.92,RU,1612028853
430,Russell,32.3502,-85.1999,55.4,44,1,10.36,US,1612028727
431,Huilong,31.8111,121.655,51.01,74,90,4.0,CN,1612028853
432,Sola,-13.8833,167.55,81.01,81,92,16.35,VU,1612028854
433,Anadyr,64.75,177.4833,-5.8,59,13,20.13,RU,1612028854
434,Thinadhoo,0.5333,72.9333,82.04,79,100,17.29,MV,1612028854
435,Punta de Piedra,7.6176,-71.4916,93.15,32,42,4.81,VE,1612028855
436,Manicoré,-5.8092,-61.3003,83.25,89,45,4.68,BR,1612028855
437,Nagato,34.3833,131.2,46.4,61,75,12.66,JP,1612028855
438,Kaa-Khem,51.6833,94.7333,-0.45,79,2,7.0,RU,1612028855
439,Lubbock,33.6001,-101.8338,52.0,32,40,44.87,US,1612028607
440,Esim,4.8699,-2.2405,81.5,78,37,7.87,GH,1612028856
441,Songjianghe,42.1859,127.479,0.05,90,14,4.81,CN,1612028856
442,Linqiong,30.4159,103.4609,48.2,81,0,3.87,CN,1612028856
443,Karakol,42.4907,78.3936,17.4,63,0,4.36,KG,1612028856
444,Bridlington,54.0831,-0.1919,37.0,79,100,7.0,GB,1612028856
445,Badou,7.5833,0.6,83.79,43,4,2.26,TG,1612028857
446,Kayes,14.0,-11.0,96.37,8,0,6.55,ML,1612028857
447,Naryan-Mar,67.6713,53.087,3.92,94,100,13.73,RU,1612028857
448,Almaznyy,48.0448,40.045,41.0,75,20,6.71,RU,1612028858
449,La Ronge,55.1001,-105.2842,8.6,85,48,1.25,CA,1612028858
450,Souillac,-20.5167,57.5167,78.8,89,75,5.75,MU,1612028858
451,Kharitonovo,61.4009,47.4978,25.97,97,100,7.87,RU,1612028858
452,Provideniya,64.3833,-173.3,-12.33,83,64,7.18,RU,1612028858
453,Uzhur,55.3036,89.8339,-29.47,83,41,2.59,RU,1612028859
454,Punta Umbría,37.1821,-6.9661,61.0,48,83,7.0,ES,1612028859
455,Dalhousie,32.5333,75.9833,34.83,71,0,5.88,IN,1612028859
456,Assiut,27.181,31.1837,59.0,55,0,4.61,EG,1612028859
457,Mālpura,26.2833,75.3833,53.51,36,0,4.18,IN,1612028859
458,Bāndarban,22.1965,92.2262,58.3,65,0,2.13,BD,1612028860
459,Collie,-33.3667,116.15,63.0,64,0,6.73,AU,1612028860
460,Aktobe,50.2797,57.2072,8.6,85,66,2.24,KZ,1612028860
461,Yārāda,17.65,83.2667,73.4,94,40,2.3,IN,1612028860
462,Yüksekova,37.5736,44.2872,35.6,41,40,9.22,TR,1612028860
463,Asmara,15.3333,38.9333,52.07,100,45,7.27,ER,1612028861
464,Marzuq,14.4,46.4667,63.81,63,0,4.81,YE,1612028861
465,Pemangkat,1.1667,108.9667,77.2,89,100,11.43,ID,1612028861
466,Oklahoma City,35.4676,-97.5164,61.0,77,75,26.46,US,1612028647
467,Yakeshi,49.2833,120.7333,-21.8,85,100,3.06,CN,1612028862
468,Port Jervis,41.3751,-74.6927,25.0,55,0,4.0,US,1612028862
469,Eydhafushi,5.1033,73.0708,81.3,70,35,10.63,MV,1612028862
470,Sept-Îles,50.2001,-66.3821,19.0,52,20,6.91,CA,1612028862
471,Ahipara,-35.1667,173.1667,55.38,80,0,5.23,NZ,1612028863
472,Mendoza,-32.8908,-68.8272,68.0,60,40,9.22,AR,1612028863
473,Road Town,18.4167,-64.6167,75.2,94,40,6.91,VG,1612028863
474,Rong Kwang,18.339,100.3174,69.01,99,34,2.39,TH,1612028863
475,Djibouti,11.5,42.5,77.0,69,20,5.75,DJ,1612028863
476,Ayia Anna,34.9399,33.4843,62.6,82,75,34.52,CY,1612028864
477,Gondanglegi,-7.7479,112.0132,73.94,90,100,1.61,ID,1612028864
478,Dedovichi,57.5517,29.9502,23.63,98,98,5.3,RU,1612028864
479,Pacific Grove,36.6177,-121.9166,52.0,66,90,3.85,US,1612028586
480,Kutoarjo,-7.7169,109.9128,57.99,10,100,2.59,ID,1612028865
481,Amurzet,47.6967,131.0981,-20.6,82,0,4.76,RU,1612028865
482,Haines Junction,60.7522,-137.5108,-11.2,77,100,1.14,CA,1612028865
483,Egvekinot,66.3167,-179.1667,-26.05,83,0,9.04,RU,1612028865
484,Bocas del Toro,9.3333,-82.25,71.01,41,89,14.0,PA,1612028664
485,Ionia,42.9873,-85.0711,26.6,59,90,5.75,US,1612028866
486,Khunti,23.0833,85.2833,53.6,62,0,7.4,IN,1612028729
487,Hanover,52.3705,9.7332,33.01,93,75,1.14,DE,1612028866
488,Cururupu,-1.8283,-44.8683,86.92,60,43,8.75,BR,1612028866
489,Korčula,42.9622,17.1369,50.0,81,40,5.75,HR,1612028866
490,Alice Springs,-23.7,133.8833,86.0,30,51,13.8,AU,1612028867
491,Buguruslan,53.6554,52.442,25.02,97,100,11.07,RU,1612028867
492,Mukhen,48.1,136.1,-17.32,84,32,4.88,RU,1612028867
493,Sparta,43.9441,-90.8129,35.01,64,98,17.27,US,1612028867
494,Puerto Asís,0.5133,-76.5007,89.6,48,20,10.36,CO,1612028867
495,New Ross,52.3967,-6.9367,41.0,94,99,7.0,IE,1612028868
496,Shubarkuduk,49.1447,56.4872,17.83,95,87,6.58,KZ,1612028868
497,Sulangan,11.1373,123.7228,79.3,77,97,23.6,PH,1612028868
498,Vanimo,-2.6741,141.3028,77.83,84,100,6.62,PG,1612028868
499,Avera,33.194,-82.5271,50.0,40,1,8.05,US,1612028868
500,Mogadishu,2.0371,45.3438,76.8,76,18,21.85,SO,1612028869
501,Beringovskiy,63.05,179.3167,-11.0,91,100,15.39,RU,1612028869
502,Verkhoyansk,67.5447,133.385,-44.09,75,89,0.4,RU,1612028869
503,Ouésso,1.6136,16.0517,73.53,89,94,4.27,CG,1612028869
504,Rio Brilhante,-21.8019,-54.5464,84.99,71,94,8.23,BR,1612028590
505,Taoudenni,22.6783,-3.9836,78.69,16,0,9.73,ML,1612028645
506,Nouadhibou,20.931,-17.0347,87.8,19,69,12.66,MR,1612028870
507,Roebourne,-20.7833,117.1333,85.84,56,85,9.86,AU,1612028871
508,Qasigiannguit,68.8193,-51.1922,3.2,60,40,8.05,GL,1612028871
509,Mossamedes,-15.1961,12.1522,74.61,75,84,11.07,AO,1612028871
510,Arrifes,37.7667,-25.7,64.0,94,40,19.57,PT,1612028871
511,Chapais,49.7834,-74.8492,-2.2,71,90,5.75,CA,1612028871
512,Fort Nelson,58.8053,-122.7002,-23.8,76,40,0.81,CA,1612028863
513,Abadan,38.0507,58.2056,55.4,47,75,13.8,TM,1612028872
514,Davlekanovo,54.2215,55.0343,24.8,93,90,8.95,RU,1612028872
515,Karonga,-9.9333,33.9333,77.85,72,31,3.78,MW,1612028872
516,Ilulissat,69.2167,-51.1,3.2,60,40,8.05,GL,1612028817
517,Chicama,-7.8447,-79.1469,73.4,73,0,12.66,PE,1612028873
518,Lázaro Cárdenas,17.9583,-102.2,85.15,52,10,7.02,MX,1612028873
519,Emba,48.8264,58.1442,17.06,93,33,5.03,KZ,1612028873
520,Tiszasüly,47.3833,20.4,50.0,66,75,6.91,HU,1612028873
521,Karratha,-20.7377,116.8463,85.53,55,80,12.88,AU,1612028873
522,Elsterwerda,51.45,13.5333,28.99,93,90,3.44,DE,1612028874
523,Teya,60.3778,92.6267,-39.39,76,6,1.1,RU,1612028874
524,Itarema,-2.9248,-39.9167,86.31,61,71,18.07,BR,1612028874
525,Calvinia,-31.4707,19.776,67.89,47,0,7.87,ZA,1612028874
526,Chitipa,-9.7024,33.2697,65.66,91,78,1.81,MW,1612028874
527,Geraldton,-28.7667,114.6,86.0,23,0,12.66,AU,1612028875
528,Desert Hot Springs,33.9611,-116.5017,57.0,62,1,1.25,US,1612028875
529,Rongcheng,30.634,117.8517,50.97,59,97,2.55,CN,1612028875
530,Aden,12.7794,45.0367,75.31,70,0,9.04,YE,1612028762
531,Madimba,-10.4,40.3333,79.59,84,17,8.84,TZ,1612028876
532,Kamiiso,41.8167,140.65,23.47,92,70,17.49,JP,1612028876
533,Port Blair,11.6667,92.75,79.52,80,7,8.19,IN,1612028802
534,Kahului,20.8947,-156.47,68.0,94,40,11.5,US,1612028876
535,Kilembe,0.2,30.0,66.9,51,91,4.68,UG,1612028876
536,Tursunzoda,38.5144,68.2333,48.2,40,75,8.95,TJ,1612028876
537,Ucluelet,48.9329,-125.5528,43.0,81,90,13.8,CA,1612028704
538,Pullman,46.7313,-117.1796,37.99,86,90,9.22,US,1612028877
539,Mahajanga,-15.7167,46.3167,80.6,78,20,9.22,MG,1612028877
540,Prince Rupert,54.3161,-130.3201,39.2,80,40,8.05,CA,1612028587
541,Labis,2.385,103.021,72.07,92,62,4.03,MY,1612028877
542,Sumenep,-7.0167,113.8667,77.58,86,100,10.58,ID,1612028878
543,Kamaishi,39.2667,141.8833,27.88,91,9,8.81,JP,1612028878
544,Ambulu,-8.345,113.6058,75.7,85,100,2.39,ID,1612028878
545,Miyoshi City,35.0833,137.0667,42.8,70,75,20.71,JP,1612028878
546,Nichinan,31.6,131.3667,35.01,74,0,5.01,JP,1612028878
547,Lerwick,60.1545,-1.1494,32.0,86,20,4.61,GB,1612028879
548,Chardara,41.2547,67.9692,49.01,47,100,11.63,KZ,1612028879
549,Binzhou,37.3667,118.0167,43.0,50,100,6.26,CN,1612028879
550,Salinas,36.6777,-121.6555,52.0,76,90,14.97,US,1612028823
551,Camacupa,-12.0167,17.4833,65.55,93,100,5.55,AO,1612028879
552,Zhaozhou,45.6833,125.3167,-17.05,87,33,6.49,CN,1612028880
553,Belmonte,-15.8631,-38.8828,84.2,83,75,9.22,BR,1612028880
